>> [error_metrics_test,e_test,y_pred_test]=run_model(x_test,y_test,sigma,mu,net)

y_pred =

  Columns 1 through 15

    0.1688   -0.1144   -0.1253    0.8275    1.6512    0.2948   -1.1450   -0.3337   -0.3416    1.2929   -0.9478   -0.9154   -0.3831   -0.2671    0.6629
   -0.6232    1.1643   -0.5734   -0.6432   -0.1936    0.8923   -0.5878   -0.7302   -0.5379   -0.4025   -0.5754   -0.5870    0.7015   -0.6498   -0.0017
    0.0569    0.0942   -0.2271    0.7099    1.6111    0.4534   -1.2459   -0.4628   -0.4364    1.2166   -1.0473   -1.0169   -0.2562   -0.3822    0.6605

  Columns 16 through 30

   -1.2907    1.9122   -1.0245    0.5863    1.1480    1.2378   -1.2393    0.2330   -2.9332    0.4187    1.3714   -0.8896   -0.5915   -1.1789    1.0677
   -0.4929   -0.3517   -0.4268   -0.4466    0.3051   -0.0260   -0.5579   -0.6240   -0.1096    0.5911   -0.5608    2.0708   -0.5706   -0.5620   -0.4308
   -1.3741    1.8428   -1.0969    0.5045    1.1984    1.2292   -1.3346    0.1208   -2.9410    0.5231    1.2664   -0.5165   -0.6913   -1.2751    0.9871

  Columns 31 through 45

    0.7821    1.2937    0.1367    0.9258    0.3126    1.0219    1.7776   -1.4065    1.2934    0.7715    0.4961   -0.8806    0.5132    0.3358    1.3235
   -0.6130    0.2447    1.1085    0.5580    0.6940    0.0916   -0.3813   -0.5693    0.2605   -0.5466    0.5439   -0.5468   -0.6290   -0.6058   -0.0615
    0.6699    1.3331    0.3344    1.0226    0.4357    1.0350    1.7037   -1.5033    1.3358    0.6712    0.5920   -0.9751    0.3991    0.2266    1.3081

  Columns 46 through 60

   -0.8722   -0.8612   -0.9620    0.7031    0.7834    0.2074   -0.2067    0.2538    1.9060    0.9021   -0.0019   -0.7679    0.4164   -1.2315   -1.3418
   -0.4918   -0.6297    5.8189    0.9461   -0.6047    1.2559   -0.6610    1.1423   -0.2792    0.1628    1.3669   -0.6096    0.7035   -0.4471   -0.5644
   -0.9568   -0.9706    0.0782    0.8699    0.6726    0.4310   -0.3241    0.4574    1.8495    0.9282    0.2422   -0.8741    0.5409   -1.3067   -1.4378

  Columns 61 through 75

   -4.2057   -0.3038   -0.1180    1.0152    1.3942    0.3190   -1.3508   -0.8357   -0.8052   -1.2609   -1.0294    1.7321    0.3063    1.2178   -1.1570
    0.4208    1.5157   -0.5800    0.6551   -0.0767   -0.5998   -0.5603    5.0895   -0.6819   -0.4823   -0.5883   -0.1510    0.4768   -0.5882   -0.5598
   -4.1141   -0.0320   -0.2213    1.1290    1.3757    0.2108   -1.4461    0.0744   -0.9245   -1.3425   -1.1309    1.6992    0.3907    1.1087   -1.2529

  Columns 76 through 90

   -1.0179   -0.8553   -4.1442    1.4293   -1.0367    0.3542   -0.4476   -1.5091    0.5057   -0.9330   -2.9211    1.0404   -0.6787   -0.9237   -1.1942
   -0.6392   -0.6413    0.5225   -0.1799   -0.5673    0.9092   -0.5782   -0.5576   -0.5657   -0.5682   -0.0815    0.0277   -0.5144    1.6291   -0.5954
   -1.1285   -0.9668   -4.0346    1.3922   -1.1344    0.5157   -0.5493   -1.6033    0.4028   -1.0312   -2.9240    1.0419   -0.7682   -0.6290   -1.2963

  Columns 91 through 105

   -1.2774    0.1617    0.9182    0.0498   -0.7703    1.6715   -1.2376    1.3434    1.1796   -0.6403    1.0768    1.2074   -0.5462    1.7465    0.9003
   -0.5852    0.4783    0.3544   -0.5815    1.8210   -0.8521   -0.4451   -0.4986   -0.6263   -0.6069   -0.5935   -0.6230   -0.5992   -0.5406    0.2978
   -1.3774    0.2474    0.9784   -0.0539   -0.4422    1.5128   -1.3125    1.2496    1.0637   -0.7465    0.9676    1.0924   -0.6513    1.6439    0.9508

  Columns 106 through 120

   -1.0121   -1.2118    1.0842    0.1838   -1.1646   -0.3987    0.4760   -1.0802   -1.0455    0.7264   -0.8948    1.8720    0.4923    1.3909   -1.4093
   -0.5637   -0.5682    0.2058   -0.5992   -0.5099   -0.5848   -0.6112   -0.5806   -0.5547   -0.3190    2.1109   -0.5122   -0.6414   -0.2601   -0.5132
   -1.1093   -1.3090    1.1174    0.0763   -1.2515   -0.5018    0.3651   -1.1801   -1.1407    0.6670   -0.5146    1.7739    0.3760    1.3401   -1.4959

  Column 121

   -3.2892
    0.3840
   -3.2072


error_metrics =

   1.0e+06 *

    0.0000    0.0000    0.0000
    0.0000    0.0000    0.0000
    0.0000    0.0000    0.0000
    0.0000    0.0000    0.0000
    0.0000    0.0000    0.0003
    0.0000    0.0000    0.0000
    0.0001    0.0001    0.0003
    0.1199    0.2779    3.3330
    0.0003    0.0005    0.0018


