>> y_pred=[SVM_Heatpump.predictFcn(x_train'),SVM_Gas.predictFcn(x_train'),SVM_combined.predictFcn(x_train')]

y_pred =

   -1.1996   -0.5949   -1.3114
    1.3134   -0.5389    1.2227
    0.2466   -0.6739    0.0888
    1.2658   -0.1122    1.2701
   -0.0863   -0.5961   -0.1830
    0.3425   -0.5813    0.2383
    0.4661   -0.6564    0.3713
    0.6836    0.3843    0.8077
   -0.5219    1.7624   -0.1804
   -0.3360   -0.6658   -0.4673
    0.8096   -0.0385    0.7977
   -0.1701   -0.6540   -0.3049
    0.9669    0.1567    0.9670
   -0.2884   -0.6279   -0.4372
    0.7120    0.3732    0.8300
   -1.0219   -0.5309   -1.0508
    0.8556    0.5423    0.9696
    0.3099   -0.5512    0.1977
   -0.5281   -0.5945   -0.6422
   -0.4169   -0.5962   -0.5147
    1.2994    0.0272    1.3142
    0.7463    0.0330    0.7691
    0.1427    1.0560    0.3389
   -1.3045   -0.5184   -1.4096
    0.0869    0.3010    0.1172
   -0.7207   -0.6378   -0.8373
    0.0518   -0.6917   -0.0850
    1.0506   -0.5710    0.8788
    1.2040    0.0399    1.2278
   -0.2373    1.6871    0.0606
   -0.7901    2.1671   -0.4361
   -0.6171    1.9747   -0.2376
    0.2914   -0.6845    0.1584
   -0.7509    2.3880   -0.3805
   -0.2371    1.2952    0.0507
    1.2067    0.0455    1.2357
   -0.9932   -0.5669   -1.0911
    0.2214   -0.6281    0.0881
    0.3765    0.1650    0.4652
   -0.2182   -0.6800   -0.2856
   -0.1767   -0.6797   -0.2864
   -0.1183   -0.6746   -0.2764
   -0.9022   -0.5755   -1.0171
    0.0022    1.2099    0.1795
    0.9503   -0.2968    0.8691
    0.5370   -0.3985    0.4520
   -1.4433   -0.5610   -1.5252
   -0.0622   -0.6918   -0.1705
    0.0777    1.1695    0.3043
   -1.9352    4.5525   -1.3665
    0.2031   -0.6058    0.0830
   -1.1988   -0.4653   -1.3002
   -0.0824   -0.6592   -0.2120
    0.3095   -0.6663    0.1445
   -1.3147   -0.5986   -1.4315
    1.0646    0.2914    1.1291
    0.8686    0.0423    0.8682
   -1.2614   -0.5820   -1.3693
    0.6517    0.4146    0.7798
    0.9443   -0.0866    0.9054
    0.4610    0.3672    0.5731
   -0.0029   -0.4978   -0.1459
    0.8990    0.0826    0.9271
    0.1135    0.9181    0.2790
    0.7041   -0.1143    0.6788
    1.2418   -0.3404    1.1339
    0.8912   -0.6303    0.7426
    0.8628    0.0854    0.8770
   -0.0673    1.4617    0.1587
   -0.7527   -0.6368   -0.8752
    1.3539   -0.3050    1.2805
    0.3178   -0.6546    0.2178
    1.4502   -0.2252    1.4325
    0.1470   -0.6094    0.0176
   -0.2459   -0.6454   -0.4107
   -0.2861   -0.6434   -0.4492
   -0.0070   -0.5377   -0.1155
   -0.4308    1.4914   -0.0890
   -0.8143   -0.6212   -0.9381
   -1.4491   -0.5532   -1.5300
    0.8549   -0.3409    0.7622
   -1.1954   -0.5481   -1.3081
   -0.9349   -0.5964   -1.0521
   -0.1679   -0.6733   -0.3213
   -0.8451    2.2554   -0.4919
   -1.4319   -0.5351   -1.5323
   -1.2517   -0.5470   -1.3307
   -1.1918   -0.5180   -1.2960
    0.1356   -0.5939    0.0332
   -1.1074    2.6578   -0.6501
    1.2196    0.1634    1.2085
   -1.0722   -0.6141   -1.1860
    1.0849   -0.5568    1.0000
    1.1111   -0.0710    1.1116
    0.7676   -0.2026    0.9462
    1.0269    0.0693    1.0507
    0.0625   -0.5310   -0.0388
    0.9385    0.2014    1.0170
    1.0576   -0.2225    1.0196
   -0.8753   -0.6217   -0.9948
   -1.2704   -0.5366   -1.3719
    0.4694   -0.4263    0.3927
   -0.4940   -0.6579   -0.5624
    0.5751    0.1573    0.6091
   -0.1556   -0.6907   -0.2668
   -1.1165   -0.5609   -1.2292
   -1.1759   -0.5408   -1.2641
   -1.7136    6.5342   -1.0930
   -0.9906   -0.5804   -1.1001
   -0.6892   -0.6179   -0.8231
    0.1422   -0.4980    0.0454
    0.8273   -0.6172    0.6842
    0.2912    1.1404    0.4824
    0.4295   -0.2451    0.3820
   -0.0675   -0.4654   -0.1529
    0.7074    0.9152    0.8162
    0.5213   -0.1249    0.5328
   -0.1350   -0.5707   -0.2955
    1.1283   -0.3389    1.1200
   -0.7247   -0.6288   -0.8351
    0.0619    0.9446    0.2807
    0.3219    0.9690    0.4635
    0.2118   -0.5764    0.0932
   -0.8146   -0.5342   -0.9164
    0.9544    0.3585    1.0360
    0.9600    0.1059    0.9904
    0.6580    0.3960    0.6877
    1.1445    0.5076    1.2409
   -0.7845   -0.6131   -0.8855
   -1.5381   -0.4598   -1.6129
   -0.0771   -0.6071   -0.1958
    1.0995   -0.4802    0.9619
    0.9384   -0.0800    0.8920
    1.2209   -0.3482    1.1257
   -1.3161   -0.4244   -1.4074
   -1.1122   -0.5379   -1.2168
    0.3914    0.6834    0.5487
    0.7521    0.3704    0.8560
   -0.4432    2.0881   -0.1098
    0.5058    0.9947    0.6418
    0.7210   -0.5175    0.6119
   -1.2055   -0.5372   -1.3194
   -0.1084    1.1333    0.1327
   -0.0669   -0.5835   -0.1717
   -1.0350   -0.5873   -1.1455
   -1.2714   -0.6093   -1.3769
   -0.1993    1.5403    0.0277
    0.8462   -0.2463    0.7863
    1.0928    0.3695    1.1460
   -1.4657   -0.5626   -1.5483
   -0.1785    1.3917    0.0444
    1.1873   -0.0636    1.2571
    0.0308   -0.6756   -0.1319
    0.3021    0.4096    0.4352
   -0.5231   -0.6466   -0.6624
    0.9511   -0.3880    0.8371
    0.5328    0.3262    0.5989
   -1.0940   -0.5984   -1.2035
    0.4369    1.1115    0.6294
    0.6675   -0.0672    0.6816
    1.0190   -0.0907    0.9875
   -0.0784   -0.5857   -0.2029
   -0.4715   -0.5114   -0.6085
   -0.6148    1.8819   -0.2941
    0.2358   -0.5803    0.1086
    0.3085   -0.5026    0.2089
    0.3969    1.4727    0.5999
    0.6325    0.2147    0.7067
   -1.1103    4.5512   -0.6255
   -0.0692   -0.6377   -0.1675
    0.4738   -0.6088    0.3300
   -0.6098    1.9604   -0.2481
    0.4196    0.6556    0.5509
    1.0126   -0.5610    0.8793
    0.6675    0.3195    0.7451
   -0.6065    1.8058   -0.2263
   -1.1130   -0.6183   -1.2147
   -0.6703   -0.5790   -0.7687
    1.1597   -0.0611    1.2012
   -0.4421   -0.6458   -0.5678
    0.8322   -0.5230    0.7238
    1.0388    0.6975    1.0920
    1.0690   -0.3236    0.9583
   -0.9276    2.4227   -0.5840
   -0.2416    1.5658    0.0524
   -0.2245   -0.6841   -0.3478
   -1.4231   -0.6091   -1.4971
   -0.6372   -0.5522   -0.7771
    0.2745   -0.5475    0.1681
   -1.3725   -0.4990   -1.4618
    0.7578   -0.0973    0.7564
    0.6017   -0.4311    0.5207
    0.1121   -0.1698    0.0828
   -0.6933   -0.6310   -0.7932
   -1.0203   -0.5833   -1.0829
   -1.0997   -0.5803   -1.2131
    0.0734   -0.4319   -0.0213
   -0.0487    0.8116    0.1727
   -0.5001    1.6125   -0.1679
   -0.6707    2.0368   -0.3079
    0.5495   -0.4475    0.4452
   -1.1814   -0.5296   -1.2906
    0.1844    1.2583    0.4131
   -0.5333    2.3851   -0.2208
    0.3501   -0.3829    0.2741
    0.9569   -0.4692    0.8349
    0.2459    0.9412    0.4028
    0.4637   -0.0640    0.4667
   -1.3007   -0.5401   -1.3921
   -0.5758   -0.6099   -0.6887
   -1.4397   -0.5769   -1.5325
   -0.8594   -0.6239   -0.9759
   -0.5264   -0.5960   -0.5905
   -0.0238   -0.6400   -0.1880
    0.2205   -0.6760    0.0828
   -0.2851   -0.5325   -0.3932
   -0.7288   -0.4996   -0.8253
    0.4595    0.1611    0.5426
   -1.2968   -0.5962   -1.3949
    1.2754   -0.0775    1.2418
    0.6288   -0.3857    0.5586
    1.4661   -0.2971    1.4159
    0.3793    0.7077    0.5456
    0.0646    0.9363    0.3048
   -1.0838    2.8038   -0.6294
    0.3010   -0.6210    0.1587
    1.4358   -0.2152    1.4282
   -0.0175    1.4704    0.2428
   -0.5377   -0.6071   -0.6889
    1.0218   -0.0207    0.9923
   -1.3031   -0.6402   -1.4173
    0.3943    0.1614    0.4751
   -1.1951   -0.5411   -1.3086
    0.5968   -0.3600    0.5220
    0.3833   -0.6080    0.2435
    0.7696   -0.5430    0.6349
   -1.1822   -0.5163   -1.2897
    0.1136    1.0236    0.3398
   -1.0559   -0.5901   -1.1671
    1.0203   -0.4683    0.8826
    0.8240    0.2662    0.8914
    0.8608   -0.4801    0.7366
   -0.5433    1.7465   -0.1881
   -1.4438   -0.4705   -1.5223
   -0.0790   -0.6748   -0.2434
    0.5379   -0.5096    0.4314
    0.0626   -0.6687   -0.0724
   -0.1023   -0.6493   -0.2608
    0.8411    0.7256    0.9792
   -0.5060   -0.6461   -0.6351
    0.7645    0.8394    0.8143
   -0.5965    1.8326   -0.2365
    0.7213    0.1153    0.7342
    0.8418    0.3993    0.8452
