y_pred=[SVM_Heatpump.predictFcn(x_test'),SVM_Gas.predictFcn(x_test'),SVM_combined.predictFcn(x_test')]

y_pred =

    0.1943   -0.6553    0.0667
    0.5359    1.1614    0.7171
   -0.0141   -0.6735   -0.1638
    0.6457   -0.6087    0.5441
    1.4737   -0.1406    1.4270
    0.2960    0.8250    0.4885
   -0.9881   -0.6492   -1.1072
   -0.2848   -0.5296   -0.3746
   -0.2842   -0.6533   -0.4235
    1.2774   -0.3302    1.1701
   -0.6621   -0.6673   -0.7774
   -0.6508   -0.6185   -0.7904
    0.2491    0.4759    0.3513
   -0.2676   -0.6356   -0.3854
    0.4058    0.0097    0.4352
   -1.3144   -0.5245   -1.4080
    1.0496   -0.1153    1.0220
   -0.7428   -0.5141   -0.8295
    0.4454   -0.4200    0.3847
    0.4566    0.2561    0.6246
    1.0620    0.0382    1.0515
   -1.1596   -0.5935   -1.2757
    0.3136   -0.6013    0.1594
    0.7987   -0.3861    0.7689
    0.6596    0.4952    0.7750
    0.5801   -0.3443    0.5223
   -0.7762    2.1394   -0.3473
   -0.5174   -0.6036   -0.6353
   -1.0542   -0.6284   -1.1631
    0.7117   -0.3201    0.6521
    0.4661   -0.4710    0.3759
    1.1786    0.2378    1.2084
    0.0675    0.9446    0.2936
    1.0581    0.4134    1.1011
    0.5565    0.5902    0.6992
    0.6830   -0.0011    0.6998
    1.4685   -0.3560    1.3909
   -1.2476   -0.6403   -1.3565
    1.2599    0.2414    1.2929
    0.7055   -0.4810    0.5982
    0.9199    0.4733    0.9427
   -0.8395   -0.6043   -0.9461
    0.6526   -0.6157    0.4943
    0.7158   -0.6404    0.5483
    0.9584    0.0250    1.0069
   -0.7049   -0.6179   -0.7966
   -0.7927   -0.5806   -0.9079
   -1.5031    5.9940   -0.9381
    1.0733    0.7889    1.1708
    0.7229   -0.5298    0.5834
    0.4556    1.2374    0.6766
    0.1232   -0.6799   -0.0350
    0.8765    1.0007    0.9418
    0.9445   -0.0408    0.9368
    0.5495    0.2345    0.5652
   -0.0207    1.5606    0.2326
   -0.5801   -0.6330   -0.7039
    0.4969    0.7303    0.6134
   -0.7889   -0.5817   -0.9094
   -1.3642   -0.6290   -1.4799
   -0.2127    0.8961    0.0365
   -0.0276    1.5140    0.2091
   -0.0704   -0.5028   -0.1760
    1.1608    0.5509    1.2299
    0.8363    0.0195    0.8505
    0.1390   -0.5312    0.0214
   -1.3183   -0.6165   -1.4336
   -2.1834    5.7834   -1.5671
   -0.3841   -0.1082   -0.3228
   -1.2765   -0.5315   -1.3825
   -0.8493   -0.6414   -0.9788
    1.1445   -0.0872    1.1898
    0.4785    0.3583    0.5839
    1.2302   -0.5093    1.0982
   -1.1587   -0.5805   -1.2657
   -0.9226   -0.3815   -1.0055
   -0.5687   -0.6172   -0.6698
    0.2427    0.9222    0.4369
    0.9078   -0.0808    0.8865
   -0.9301   -0.5954   -1.0434
    0.7448    0.8513    0.8776
   -0.4052   -0.5547   -0.5132
   -1.5181   -0.1459   -1.5641
    0.5389   -0.5263    0.4346
   -0.8078   -0.5984   -0.9218
    1.1499   -0.0746    1.1486
    1.1020    0.0306    1.0945
   -0.6388   -0.5076   -0.7266
   -0.4080    1.5840   -0.1280
   -1.1572   -0.5073   -1.2662
   -1.2606   -0.5323   -1.3728
    0.3024    0.5709    0.5292
    0.8723    0.3238    0.9331
    0.6270   -0.6458    0.5045
   -0.4931    1.7511   -0.1410
   -0.1016   -0.8952   -0.1438
   -0.3056   -0.6991   -0.3049
    0.7988   -0.3688    0.7152
    1.0123   -0.5219    0.8698
   -0.4097   -0.6491   -0.5389
    0.8080   -0.2408    0.7788
    1.3823   -0.1775    1.3637
   -0.3872   -0.6159   -0.5218
    1.0687   -0.3623    0.9669
    0.7450    0.2842    0.8803
   -0.8733   -0.5884   -0.9858
   -1.2481   -0.5676   -1.3480
    0.8730    0.2165    0.9204
    0.5072   -0.6285    0.3416
   -1.1213   -0.5810   -1.2265
   -0.0390   -0.5438   -0.1631
   -0.0364   -0.5738   -0.0721
   -0.9958   -0.6082   -1.1124
   -0.8250   -0.5903   -0.9507
    0.5040   -0.2785    0.4787
   -0.7259    2.0436   -0.3573
    0.9141   -0.2488    0.8542
    0.5627   -0.5992    0.4202
    0.9210   -0.0803    1.0436
   -1.3881   -0.4429   -1.5067
    0.4939    0.0620    0.6297

>> [error_metrics,e] = eval_Data(y_test, y_pred' )

error_metrics =

   1.0e+06 *

    0.0000    0.0000    0.0000
    0.0000    0.0000    0.0000
    0.0000    0.0000    0.0000
    0.0000    0.0000    0.0000
    0.0000    0.0000    0.0003
    0.0000    0.0000    0.0000
    0.0001    0.0001    0.0003
    0.0398    0.2011    3.3052
    0.0002    0.0004    0.0018


